20 20000
2 2 784 1 819
0
1 4 661
2 2 348 1 335
1 6 553
1 7 240
8 8 384 3 87 1 993 6 364 2 644 4 48 7 823 5 794
4 8 680 6 377 1 40 3 391
4 4 515 7 998 10 287 1 913
3 4 697 5 947 8 403
6 6 888 11 522 3 730 7 957 2 804 1 145
7 8 142 10 915 4 466 12 661 1 236 6 494 2 323
14 7 627 9 764 1 699 5 414 12 147 2 188 10 893 3 33 4 832 6 415 8 420 14 382 11 21 13 816
2 9 623 13 326
12 11 185 15 298 1 367 8 127 9 330 7 718 5 457 6 274 3 266 12 428 2 776 13 115
17 5 543 9 5 6 499 13 14 16 429 4 616 1 738 7 377 14 633 8 204 17 637 15 777 3 505 11 427 10 289 12 174 2 513
17 13 264 3 38 7 831 2 805 14 207 8 987 17 468 5 265 16 554 12 607 6 742 18 12 11 783 15 399 1 361 9 652 4 555
4 19 576 14 437 5 739 18 826
5 1 665 16 205 4 730 19 96 12 218
